# Messgebiet Riedheim
# Beobachter: Jana  Protokollant: Ronja
# Zeit : 16:00 -16:30
# am 22.5.18 
# Messinstrument Nr.2
# Protonen-Präzessionsmagnetometer

0	48163	48155	48159
1	48168	48163	48163
2	48172	48171	48169
3	48174	48178	48171
4	48179	48179	48172
5	48181	48193	48184
6	48200	48201	48205
7	48226	48219	48223
7.5	48232	48233	48237
8	48254	48257	48252
8.5	48274	48269	48271
9	48296	48295	48293
9.5	48319	48323	48322
10	48344	48345	48355
10.5	48386	48386	48387	
11	48425	48436	48431
11.5	48493	48486	48491
12	48545	48535	48534
12.5	48604	48609	48597
13	48698	48696	48691
13.5	48787	48778	48784
14	48883	48882	48877
14.5	48967	48957	48960
15	49072	49074	49067
15.5	49196	49190	49183
16	49265	49253	49267
16.5	49323	49320	49316
17	49372	49368	49373
17.5	49384	49383	49383
18	49358	49362	49362
18.5	49304	49314	49310
19	49231	49225	49228
19.5	49151	49141	49152
20	49051	49053	49056
20.5	48970	48974	48949
21	48886	48886	48881
21.5	48786	48785	48789
22	48687	48695	48700
22.5	48610	48619	48623
23	48567	48570	48575	
23.5	48494	48498	48503
24	48458	48468	48471
25	48376	48379	48378
26	48315	48325	48323
27	48280	48274	48270
28	48243	48244	48239
29	48213	48213	48219
30	48192	48191	48194
30.3	48195	48196	48186	