# Bouguerreduktion, Niveaureduktion, Breitenreduktion, geologische Reduktion, reduzierte Messwerte
0.000000000000000000e+00
4.249917000000000278e-02
9.665911000000000641e-02
1.413747900000000279e-01
1.870541700000000196e-01
2.163506500000000332e-01
2.461289800000000250e-01
2.702214800000000139e-01
2.928684300000000684e-01
3.252487500000000309e-01
3.603274300000000041e-01
4.040794100000000277e-01
4.461931000000000647e-01
4.957272800000000479e-01
5.597169600000000411e-01
6.429806399999999922e-01
7.428199600000000569e-01
-0.000000000000000000e+00
-1.360926000000000080e-01
-3.095257999999999621e-01
-4.527162000000000130e-01
-5.989925999999999862e-01
-6.928069999999999506e-01
-7.881643999999998762e-01
-8.653143999999999281e-01
-9.378353999999999857e-01
-1.041525000000000034e+00
-1.153855399999999864e+00
-1.293959799999999882e+00
-1.428817999999999921e+00
-1.587438399999999916e+00
-1.792348799999999853e+00
-2.058979200000000009e+00
-2.378688799999999937e+00
0.000000000000000000e+00
3.129120000470429677e-03
5.966320000439882289e-03
8.321360000036656310e-03
1.036398000035434856e-02
1.191870000012218954e-02
1.309376000028103504e-02
1.390556000046432039e-02
1.478870000012218883e-02
1.599328000053763452e-02
1.764968000017106547e-02
1.964392000019550208e-02
2.210392000019550246e-02
2.487716000037267644e-02
2.810714000057428982e-02
3.172908000010996737e-02
3.419072000037878811e-02
0.000000000000000000e+00
-2.001519995946444454e-04
-2.357719996608793195e-04
-3.763560000434526542e-04
-3.635829997090632426e-04
-4.437449999051181621e-04
-5.399959996221590647e-04
-5.683759994050512077e-04
-4.819449999481466296e-04
-4.888879993157485560e-04
-4.437279997766031825e-04
-5.163319996949293500e-04
-4.870819997051731298e-04
-6.107859997348877301e-04
-6.403689993489600218e-04
-7.209680000422533097e-04
-7.514119995925619411e-04
1.444299999999999917e+00
1.415464461999124124e+00
1.423636141999220950e+00
1.456196406000006771e+00
1.471938032999354773e+00
1.475281394999782947e+00
1.516481655999340816e+00
1.548055735998940641e+00
1.567160214999825829e+00
1.543071857998778107e+00
1.546322017999605336e+00
1.512052801999499207e+00
1.511008061999509433e+00
1.502244745999361974e+00
1.505665068998774503e+00
1.480290447999932146e+00
1.602429531999213674e+00
