# Gelaendereduktion, Bouguerreduktion, Niveaureduktion, Breitenreduktion, geologische Reduktion, reduzierte Messwerte
-7.009999999999999565e-01
-7.069999999999999618e-01
-7.099999999999999645e-01
-7.109999999999999654e-01
-7.149999999999999689e-01
-7.149999999999999689e-01
-7.169999999999999707e-01
-7.169999999999999707e-01
-7.169999999999999707e-01
-7.189999999999999725e-01
-7.209999999999999742e-01
-7.219999999999999751e-01
-7.249999999999999778e-01
-7.299999999999999822e-01
-7.329999999999999849e-01
-7.379999999999999893e-01
-7.439999999999999947e-01
0.000000000000000000e+00
4.619475000000000664e-02
1.050642499999999979e-01
1.536682500000000340e-01
2.033197500000000213e-01
2.351637500000000325e-01
2.675315000000000332e-01
2.937190000000000079e-01
3.183352500000000695e-01
3.535312500000000191e-01
3.916602500000000431e-01
4.392167499999999891e-01
4.849925000000000486e-01
5.388340000000000352e-01
6.083880000000000399e-01
6.988920000000000687e-01
8.074130000000000473e-01
-0.000000000000000000e+00
-1.360926000000000080e-01
-3.095257999999999621e-01
-4.527162000000000130e-01
-5.989925999999999862e-01
-6.928069999999999506e-01
-7.881643999999998762e-01
-8.653143999999999281e-01
-9.378353999999999857e-01
-1.041525000000000034e+00
-1.153855399999999864e+00
-1.293959799999999882e+00
-1.428817999999999921e+00
-1.587438399999999916e+00
-1.792348799999999853e+00
-2.058979200000000009e+00
-2.378688799999999937e+00
0.000000000000000000e+00
3.129120000470429677e-03
5.966320000439882289e-03
8.321360000036656310e-03
1.036398000035434856e-02
1.191870000012218954e-02
1.309376000028103504e-02
1.390556000046432039e-02
1.478870000012218883e-02
1.599328000053763452e-02
1.764968000017106547e-02
1.964392000019550208e-02
2.210392000019550246e-02
2.487716000037267644e-02
2.810714000057428982e-02
3.172908000010996737e-02
3.419072000037878811e-02
0.000000000000000000e+00
-2.001519995946444454e-04
-2.357719996608793195e-04
-3.763560000434526542e-04
-3.635829997090632426e-04
-4.437449999051181621e-04
-5.399959996221590647e-04
-5.683759994050512077e-04
-4.819449999481466296e-04
-4.888879993157485560e-04
-4.437279997766031825e-04
-5.163319996949293500e-04
-4.870819997051731298e-04
-6.107859997348877301e-04
-6.403689993489600218e-04
-7.209680000422533097e-04
-7.514119995925619411e-04
2.145299999999999763e+00
2.118768881999124165e+00
2.125231001999220659e+00
2.154902946000006647e+00
2.170672452999354629e+00
2.171468294999782778e+00
2.212079135999341251e+00
2.241558215998940895e+00
2.258693394999826243e+00
2.233789357998777980e+00
2.235989197999605160e+00
2.198915461999499499e+00
2.197208661999509260e+00
2.189138025999362025e+00
2.189994028998774489e+00
2.162379087999932281e+00
2.281836491999213568e+00
